308.16
306.43
309.07
307.82
308.16
310.42
306.38
309.94
308.4
309.5
310.66
309.84
309.02
311.66
308.11
311.95
307.01
308.98
308.16
307.63
308.78
307.44
308.02
309.07
306.53
308.93
305.57
305.71
308.4
304.94
306.34
303.84
302.4
305.66
303.89
305.18
306.53
308.06
307.39
306.48
307.25
307.92
305.18
308.06
307.39
306.14
307.73
305.71
306.53
306.96
305.38
307.78
306.19
306.82
307.01
305.95
306.43
308.74
306.77
309.31
305.47
307.63
305.57
306.53
306.29
304.22
303.02
304.37
303.31
305.47
304.99
304.8
306.14
307.73
304.9
304.8
303.7
304.03
303.22
303.6
302.98
302.54
303.6
302.26
303.22
302.78
302.64
303.55
302.83
303.7
304.03
303.5
305.47
304.66
305.9
306