1.69491525423729
1.69491525423729
1.69491525423729
1.69491525423729
1.69491525423729
2.03389830508475
2.03389830508475
2.03389830508475
2.03389830508475
2.03389830508475
2.37288135593220
2.37288135593220
2.37288135593220
2.37288135593220
2.37288135593220
2.71186440677966
2.71186440677966
2.71186440677966
2.71186440677966
2.71186440677966
3.05084745762712
3.05084745762712
3.05084745762712
3.05084745762712
3.05084745762712
3.38983050847458
3.05084745762712
11.1864406779661
20
31.8644067796610
23.7288135593220
60.3389830508475
95.9322033898305
128.813559322034
147.796610169492
167.457627118644
199.661016949153
231.186440677966
253.559322033898
265.762711864407
293.898305084746
312.203389830509
256.610169491525
351.864406779661
357.627118644068
368.813559322034
379.661016949153
385.423728813559
388.813559322034
411.864406779661
390.508474576271
396.271186440678
392.203389830509
388.474576271187
395.932203389831
384.745762711864
353.559322033898
363.389830508475
357.288135593220
383.728813559322
353.559322033898
329.152542372881
297.288135593220
334.576271186441
258.305084745763
250.508474576271
122.372881355932
208.474576271186
95.9322033898305
107.118644067797
49.1525423728814
54.5762711864407
59.3220338983051
56.2711864406780
28.8135593220339
11.1864406779661
4.40677966101695
0.338983050847458
0.338983050847458
0.338983050847458
0.677966101694915
0.677966101694915
0.677966101694915
0.677966101694915
1.01694915254237
1.01694915254237
1.01694915254237
1.01694915254237
1.35593220338983
1.35593220338983
1.35593220338983
1.35593220338983
1.69491525423729
1.69491525423729
1.69491525423729
1.69491525423729